breast
p
0.1 0.963835361265
0.2 0.955003601703
0.3 0.952933335946
0.4 0.944927462409
0.5 0.936749716123
r
0.1 0.963725490196
0.2 0.954901960784
0.3 0.952941176471
0.4 0.945098039216
0.5 0.936274509804
car
p
0.1 0.835186180146
0.2 0.80333626797
0.3 0.794806831632
0.4 0.772781049776
0.5 0.72364105212
r
0.1 0.838223938224
0.2 0.808494208494
0.3 0.801158301158
0.4 0.782239382239
0.5 0.740154440154
ecoli
p
0.1 0.922633943498
0.2 0.911046616545
0.3 0.907593599128
0.4 0.864936478741
0.5 0.830017769661
r
0.1 0.921212121212
0.2 0.907070707071
0.3 0.90303030303
0.4 0.860606060606
0.5 0.820202020202
iris
p
0.1 0.927641795924
0.2 0.9070705907
0.3 0.886304054369
0.4 0.856969140843
0.5 0.841200512965
r
0.1 0.924444444444
0.2 0.906666666667
0.3 0.884444444444
0.4 0.848888888889
0.5 0.826666666667
